0	0.7665	0.67429	0.73515	0	0	0.72741	0.69438	0	0	0.76675	0.74132	0.71594	0	0	0.66936	0.69571	0.66259	0.88369	0.83469	0	0	0	0.68309	0	0	0	0	0.77316	0.73283	0	0.65621	0.73331	0.73488	0	0	0	0	0	0	0	0	0	0	0	0	0	0	0	0	0	0	0	0	0	0	0.83277	0.66652	0	0	0.73838	0.65414	0.74881	0.67232	0	0	0	0	0.6563	0	0	0	0.70177	0.6956	0	0	0	0	0	0	0.66276	0	0	0	0.7023	0.72271	0	0	0	0	0	0	0	0	0	0	0	0.724	0	0.77953	0	0	0	0	0	0	0	0	0	0	0	0.66064	0	0	0	0	
0.7665	0	0.65854	0.76113	0	0	0.65665	0.73292	0	0	0.68363	0.77632	0.69815	0.67935	0.67406	0.66477	0	0	0.80354	0.86756	0	0	0	0.69525	0	0	0	0	0.68358	0.73247	0	0	0.76396	0.76476	0	0	0	0	0	0	0	0	0.66724	0	0	0	0.68891	0.73757	0	0.668	0.68125	0.68418	0.67457	0.65552	0.7088	0.70233	0.76713	0.87659	0.7117	0.72279	0.75884	0.72213	0.65471	0.73546	0	0.72235	0	0	0.78664	0.73887	0	0	0	0	0	0	0	0	0	0	0	0	0.6798	0.66792	0.69118	0.7731	0	0	0.68022	0.73595	0	0	0	0	0	0	0.71352	0.70109	0.71767	0.69419	0	0	0	0	0	0	0	0	0	0	0	0	0	0	0	0	
0.67429	0.65854	0	0.85737	0	0	0.91597	0.68765	0.70865	0	0	0	0.81144	0	0.72231	0	0	0	0.6797	0.69316	0	0	0.89817	0.85291	0	0	0	0	0.65904	0	0.82966	0.79375	0.84572	0.81739	0.74541	0.72955	0.67708	0	0.67193	0.65423	0	0	0	0	0	0	0	0	0	0	0	0	0	0	0.66122	0	0	0.66061	0.67799	0	0.71616	0	0	0	0.70208	0	0.79	0.73393	0.72112	0.71454	0.6665	0	0	0	0	0	0	0	0	0	0	0	0	0	0.66026	0	0	0	0.69616	0	0	0	0	0	0	0	0.66967	0	0	0	0	0	0	0	0	0	0	0	0	0	0	0	0	0	0	0	
0.73515	0.76113	0.85737	0	0	0	0.86274	0.87986	0.66445	0.67987	0.68532	0.75882	0.78551	0.72671	0.68428	0.75031	0	0	0.7777	0.81084	0	0	0.80615	0.89474	0	0	0	0	0.70515	0.72859	0.775	0.79862	0.85119	0.88315	0	0.68067	0	0.70713	0	0.65747	0	0	0	0	0	0	0	0.66602	0	0	0	0	0	0	0.6814	0	0	0.69044	0.70397	0.70818	0.75734	0.75331	0	0.7077	0	0.74417	0.72556	0.74628	0.73414	0.73862	0.69246	0.67428	0	0	0	0	0	0.65809	0	0	0	0	0	0	0.66023	0.74048	0	0	0	0.6678	0.71701	0.66316	0.67201	0	0.6552	0	0.69053	0	0.68581	0	0.66287	0	0.6847	0	0.68241	0	0	0	0	0	0	0	0	0.66012	0	0	
0	0	0	0	0	0.7563	0	0	0.76557	0.68938	0	0	0	0	0.68806	0	0	0	0	0	0.65366	0.68705	0	0	0	0	0.84375	0.74836	0	0	0	0	0	0	0	0	0	0	0	0	0	0	0	0	0	0	0	0	0	0	0	0	0	0	0	0	0	0	0	0	0	0	0	0	0	0	0	0	0	0	0	0	0	0	0	0	0	0	0	0	0	0	0	0	0	0	0	0	0	0	0	0	0	0	0	0	0	0	0	0	0	0	0	0	0	0	0	0	0	0	0	0	0	0	0	0	
0	0	0	0	0.7563	0	0	0	0	0.78272	0	0	0	0	0	0.65336	0	0	0	0	0	0	0	0	0	0.65662	0.65526	0.76883	0	0	0	0	0	0	0	0	0	0	0	0	0	0	0	0	0	0	0	0	0	0	0	0	0	0	0	0	0	0	0	0	0	0	0	0	0	0	0	0	0	0	0	0	0	0	0	0	0	0	0	0	0	0	0	0	0	0	0	0	0	0	0	0	0	0	0	0	0	0	0	0	0	0	0	0	0	0	0	0	0	0	0	0	0	0	0	0	
0.72741	0.65665	0.91597	0.86274	0	0	0	0.79265	0.70931	0	0.75289	0.66624	0.90387	0.67916	0.70952	0.69063	0	0	0.72076	0.73766	0	0	0.80655	0.78779	0	0	0	0	0.7125	0.69166	0.74626	0.73368	0.84299	0.8336	0	0.68232	0	0	0	0.65944	0	0	0	0	0	0	0	0	0	0	0	0	0	0	0.65715	0	0	0	0.75994	0.70644	0.79639	0.69877	0	0.6807	0	0.6663	0.75338	0.74422	0.69266	0.71982	0.68708	0	0	0	0	0	0.66959	0	0	0	0	0	0	0	0	0.66287	0	0	0	0	0.67894	0.71573	0	0.6598	0.65355	0	0.68409	0	0	0	0	0	0.65842	0	0.68359	0.65586	0	0	0	0	0	0	0	0	0.66248	0	
0.69438	0.73292	0.68765	0.87986	0	0	0.79265	0	0	0.76847	0.70779	0.87649	0.75474	0.87586	0	0.79945	0	0	0.73018	0.76746	0	0	0	0.74658	0	0	0	0	0.68797	0.75571	0	0.66885	0.71885	0.79807	0	0	0	0	0	0	0	0	0	0	0	0	0	0	0	0	0	0	0	0	0	0	0	0	0	0.69825	0.70414	0.85576	0	0.76007	0	0.72815	0	0	0	0	0	0.66412	0	0	0	0	0	0	0	0	0	0	0	0	0	0.68895	0	0	0	0	0.77123	0.66139	0.73292	0	0	0	0	0	0.72592	0	0.75716	0	0.69802	0	0	0	0	0	0	0	0	0	0	0.67998	0	0	
0	0	0.70865	0.66445	0.76557	0	0.70931	0	0	0.71316	0	0	0.70154	0	0.79702	0.66512	0	0	0	0	0	0	0.66186	0	0	0	0	0	0	0	0	0	0.72125	0.69344	0	0	0	0	0.66094	0.66562	0	0	0	0	0	0	0	0	0	0	0	0	0	0	0.66478	0.65964	0	0	0	0.66899	0.68015	0	0	0	0	0.70212	0.66373	0	0	0	0	0	0	0	0	0	0	0	0	0	0	0	0	0	0	0	0	0	0.68273	0.70048	0	0	0	0	0	0	0	0	0	0	0	0	0	0	0	0	0	0	0	0	0	0	0	0	0	0	
0	0	0	0.67987	0.68938	0.78272	0	0.76847	0.71316	0	0	0.6884	0	0.72378	0	0.75712	0	0	0	0	0	0	0	0	0	0	0	0	0	0.65936	0	0	0	0	0	0	0	0	0	0	0	0	0	0	0	0	0	0	0	0	0	0	0	0	0	0	0	0	0	0	0	0.75132	0	0.6703	0	0.7132	0	0	0	0	0	0	0	0	0	0	0	0	0	0	0	0	0	0	0	0	0	0	0	0	0	0	0	0	0	0	0	0	0	0	0	0	0	0	0	0	0	0	0	0	0	0	0	0	0	0	
0.76675	0.68363	0	0.68532	0	0	0.75289	0.70779	0	0	0	0.77362	0.86878	0.73979	0	0.69247	0	0	0.78102	0.77099	0	0	0	0	0	0	0	0	0.77927	0.72313	0	0	0.69485	0.72665	0	0	0	0	0	0	0	0	0	0	0	0	0	0	0	0	0	0	0	0	0	0	0	0	0	0	0.7294	0.6664	0.6568	0.67067	0	0	0	0	0	0	0	0	0	0.68727	0.66228	0	0	0	0	0	0	0	0	0	0	0	0	0	0	0	0	0	0	0	0	0	0	0	0	0	0	0	0	0	0	0	0	0	0	0	0	0	0	0	0	0	
0.74132	0.77632	0	0.75882	0	0	0.66624	0.87649	0	0.6884	0.77362	0	0.72784	0.8835	0	0.78436	0	0	0.78311	0.79498	0	0	0	0.66046	0	0	0	0	0.74281	0.80057	0	0	0	0.73199	0	0	0	0	0	0	0	0	0	0	0	0	0	0	0	0	0	0	0	0	0	0	0	0	0	0	0.69891	0.82726	0.69434	0.79191	0	0.6763	0	0	0	0	0	0	0	0.67829	0	0	0	0	0	0	0	0	0.65865	0.69506	0	0.71222	0	0	0	0	0.6901	0	0	0	0	0	0	0	0.70316	0	0.73306	0	0	0	0	0	0	0	0	0	0	0	0	0	0	0	
0.71594	0.69815	0.81144	0.78551	0	0	0.90387	0.75474	0.70154	0	0.86878	0.72784	0	0.75172	0.76999	0.72876	0	0	0.73178	0.75816	0	0	0.74587	0.7494	0	0	0	0	0.73755	0.70448	0.68513	0.69453	0.79098	0.78883	0	0	0	0	0	0	0	0	0	0	0	0	0	0.67006	0	0	0.66318	0	0	0	0.68766	0.67364	0	0.67265	0.74676	0.68988	0.80561	0.71497	0	0.69778	0	0	0.68992	0.68068	0.71968	0.73672	0	0	0	0	0	0	0	0	0	0	0	0	0.66385	0	0	0.69902	0	0	0.69295	0.68918	0	0	0	0	0	0	0	0	0	0	0	0	0	0	0	0	0	0	0	0	0	0	0	0	0	0	
0	0.67935	0	0.72671	0	0	0.67916	0.87586	0	0.72378	0.73979	0.8835	0.75172	0	0	0.83434	0	0	0.6877	0.70743	0	0	0	0.66967	0	0	0	0	0.68216	0.75281	0	0	0	0.72714	0	0	0	0	0	0	0	0	0	0	0	0	0	0	0	0	0	0	0	0	0	0	0	0	0	0	0	0.78763	0	0.76819	0	0	0	0	0	0	0	0	0	0	0	0	0	0	0	0	0	0	0	0	0	0.66304	0	0	0	0	0	0	0	0	0	0	0	0	0	0	0.66371	0	0	0	0	0	0	0	0	0	0	0	0	0	0	0	
0	0.67406	0.72231	0.68428	0.68806	0	0.70952	0	0.79702	0	0	0	0.76999	0	0	0.76856	0	0	0	0.69327	0	0	0.71823	0.70787	0	0	0	0	0.71658	0.68918	0.75763	0.70162	0.75998	0.73077	0	0	0	0	0.6722	0.67378	0	0	0	0	0	0	0	0	0	0	0	0	0	0	0.72292	0.71156	0	0.6782	0.66871	0.67698	0.71704	0	0	0.74486	0	0	0.69701	0.6637	0.68288	0.70795	0	0	0	0	0	0	0	0	0	0	0	0	0.81544	0.71405	0.67593	0.72174	0	0	0.73675	0.75326	0	0	0	0	0.65348	0	0	0	0	0	0	0	0	0	0	0	0	0	0	0	0	0	0	0	0	0	
0.66936	0.66477	0	0.75031	0	0.65336	0.69063	0.79945	0.66512	0.75712	0.69247	0.78436	0.72876	0.83434	0.76856	0	0	0	0.70367	0.71606	0	0	0	0.7082	0	0	0	0	0.75602	0.79954	0.65384	0.66766	0.70924	0.76604	0	0	0	0	0	0	0	0	0	0	0	0	0	0	0	0	0	0	0	0	0	0	0	0	0	0	0.67569	0.76843	0	0.76482	0	0	0	0	0	0	0	0	0	0	0	0	0	0	0	0	0	0	0.74118	0.75699	0	0.72154	0	0	0	0.66959	0.65622	0	0	0	0	0	0	0	0	0	0	0	0	0	0	0	0	0	0	0	0	0	0	0	0	0	
0.69571	0	0	0	0	0	0	0	0	0	0	0	0	0	0	0	0	0.77615	0.67445	0	0	0	0	0	0	0	0	0	0.74893	0.68901	0	0	0	0	0	0	0	0	0	0	0	0	0	0	0	0	0	0	0	0	0	0	0	0	0	0	0.72065	0	0	0	0	0	0.69645	0	0	0	0	0	0	0	0	0	0.67131	0	0	0	0	0	0.83257	0.77889	0.80329	0.74276	0	0	0	0	0	0	0	0	0	0	0	0	0	0	0	0	0	0	0	0	0	0	0	0	0	0	0	0	0	0	0	0	0	0	
0.66259	0	0	0	0	0	0	0	0	0	0	0	0	0	0	0	0.77615	0	0	0	0	0	0	0	0	0	0	0	0.71158	0.73745	0	0	0	0	0	0	0	0	0	0	0	0	0	0	0	0	0	0	0	0	0	0	0	0	0	0	0.75441	0	0	0	0	0	0.7032	0.6582	0	0	0	0	0	0	0	0	0	0	0	0	0	0	0.67003	0.78717	0.67776	0.65527	0	0	0	0	0	0	0	0	0	0	0	0	0	0	0	0	0	0	0	0	0	0	0	0	0	0	0	0	0	0	0	0	0	0	
0.88369	0.80354	0.6797	0.7777	0	0	0.72076	0.73018	0	0	0.78102	0.78311	0.73178	0.6877	0	0.70367	0.67445	0	0	0.95286	0	0	0	0.70763	0	0	0	0	0.82925	0.76769	0.66493	0.70039	0.81194	0.83031	0	0	0	0	0	0	0	0	0	0	0	0	0	0	0	0	0	0	0	0	0	0	0.80122	0.68433	0.66843	0	0.74895	0.69498	0.70982	0.68575	0	0	0	0	0.74387	0.67956	0.65365	0	0.72978	0.74263	0.68628	0	0	0	0	0	0	0	0.69963	0.65799	0.69742	0.77813	0	0	0	0.65791	0	0	0	0	0	0	0	0.74411	0.66971	0.76167	0	0	0	0	0	0	0	0	0	0	0	0.69164	0	0.67855	0	0	
0.83469	0.86756	0.69316	0.81084	0	0	0.73766	0.76746	0	0	0.77099	0.79498	0.75816	0.70743	0.69327	0.71606	0	0	0.95286	0	0	0	0.65816	0.72549	0	0	0	0	0.79592	0.78317	0.67062	0.703	0.84647	0.86561	0	0	0	0.65473	0	0	0	0	0	0	0	0	0	0.67489	0	0	0	0	0	0	0.68331	0.67234	0.7511	0.77604	0.70819	0.71048	0.76515	0.7449	0.68338	0.7213	0	0	0	0.67275	0.79802	0.76752	0	0	0	0.69359	0	0	0	0	0	0	0	0	0.72319	0.66764	0.6776	0.78339	0	0	0.65908	0.70053	0	0	0	0	0	0	0.67362	0.73761	0.71273	0.72445	0	0	0	0	0	0	0	0	0	0	0	0.66702	0	0.67224	0	0	
0	0	0	0	0.65366	0	0	0	0	0	0	0	0	0	0	0	0	0	0	0	0	0.90135	0	0	0	0	0.81379	0.76725	0	0	0	0	0	0	0	0	0	0	0	0	0	0	0	0	0	0	0	0	0	0	0	0	0	0	0	0	0	0	0	0	0	0	0	0	0	0	0	0	0	0	0.65715	0.6572	0	0	0	0	0	0	0	0	0	0	0	0	0	0	0	0	0	0	0	0	0	0	0	0	0	0	0	0	0	0	0	0	0	0	0	0	0	0	0	0	0	0	0	0	
0	0	0	0	0.68705	0	0	0	0	0	0	0	0	0	0	0	0	0	0	0	0.90135	0	0	0	0	0	0.82125	0.85042	0	0	0	0	0	0	0	0	0	0	0	0	0	0	0	0	0	0	0	0	0	0	0	0	0	0	0	0	0	0	0	0	0	0	0	0	0	0	0	0	0	0	0	0.67992	0	0	0	0	0.65702	0.66347	0	0	0	0	0	0	0	0	0	0	0	0	0	0	0	0	0	0	0	0	0	0	0	0	0	0	0	0	0	0	0	0	0	0	0	0	0	0	
0	0	0.89817	0.80615	0	0	0.80655	0	0.66186	0	0	0	0.74587	0	0.71823	0	0	0	0	0.65816	0	0	0	0.92221	0	0	0	0	0	0	0.86934	0.82684	0.79807	0.80214	0.71233	0.69569	0	0	0	0	0	0	0	0	0	0	0	0	0	0	0	0	0	0	0	0	0	0	0	0	0	0	0	0	0.67796	0	0.69699	0.66416	0.68154	0.66989	0	0	0	0	0	0	0	0	0	0	0	0	0	0	0	0	0	0	0	0	0	0	0	0	0	0	0	0	0	0	0	0	0	0	0	0	0	0	0	0	0	0	0	0	0	0	
0.68309	0.69525	0.85291	0.89474	0	0	0.78779	0.74658	0	0	0	0.66046	0.7494	0.66967	0.70787	0.7082	0	0	0.70763	0.72549	0	0	0.92221	0	0	0	0	0	0.6572	0.65789	0.84866	0.86358	0.81658	0.85079	0.66889	0.67248	0	0	0	0	0	0	0	0	0	0	0	0	0	0	0	0	0	0	0	0	0	0.65363	0	0	0.66734	0	0	0	0	0.67509	0.67821	0.6694	0.72653	0.71375	0	0	0	0	0	0	0	0	0	0	0	0	0	0	0	0.70189	0	0	0	0	0	0	0	0	0	0	0	0	0	0	0	0	0	0	0	0	0	0	0	0	0	0	0	0	0	0	
0	0	0	0	0	0	0	0	0	0	0	0	0	0	0	0	0	0	0	0	0	0	0	0	0	0.88309	0	0	0	0	0.71149	0	0	0	0	0	0	0	0	0	0	0	0	0	0	0	0	0	0	0	0	0	0	0	0	0	0	0	0	0	0	0	0	0	0	0	0	0	0	0	0	0	0	0	0	0	0	0	0	0	0	0	0	0	0	0	0	0	0	0	0	0	0	0	0	0	0	0	0	0	0	0	0	0	0	0	0	0	0	0	0	0	0	0	0	0	
0	0	0	0	0	0.65662	0	0	0	0	0	0	0	0	0	0	0	0	0	0	0	0	0	0	0.88309	0	0	0	0	0	0.67947	0	0	0	0	0	0	0	0	0	0	0	0	0	0	0	0	0	0	0	0	0	0	0	0	0	0	0	0	0	0	0	0	0	0	0	0	0	0	0	0	0	0	0	0	0	0	0	0	0	0	0	0	0	0	0	0	0	0	0	0	0	0	0	0	0	0	0	0	0	0	0	0	0	0	0	0	0	0	0	0	0	0	0	0	0	
0	0	0	0	0.84375	0.65526	0	0	0	0	0	0	0	0	0	0	0	0	0	0	0.81379	0.82125	0	0	0	0	0	0.85225	0	0	0	0	0	0	0	0	0	0	0	0	0	0	0	0	0	0	0	0	0	0	0	0	0	0	0	0	0	0	0	0	0	0	0	0	0	0	0	0	0	0	0	0	0	0	0	0	0	0	0	0	0	0	0	0	0	0	0	0	0	0	0	0	0	0	0	0	0	0	0	0	0	0	0	0	0	0	0	0	0	0	0	0	0	0	0	0	
0	0	0	0	0.74836	0.76883	0	0	0	0	0	0	0	0	0	0	0	0	0	0	0.76725	0.85042	0	0	0	0	0.85225	0	0	0	0	0	0	0	0	0	0	0	0	0	0	0	0	0	0	0	0	0	0	0	0	0	0	0	0	0	0	0	0	0	0	0	0	0	0	0	0	0	0	0	0	0.6737	0	0	0	0	0.66741	0	0	0	0	0	0	0	0	0	0	0	0	0	0	0	0	0	0	0	0	0	0	0	0	0	0	0	0	0	0	0	0	0	0	0	0	0	0	0	
0.77316	0.68358	0.65904	0.70515	0	0	0.7125	0.68797	0	0	0.77927	0.74281	0.73755	0.68216	0.71658	0.75602	0.74893	0.71158	0.82925	0.79592	0	0	0	0.6572	0	0	0	0	0	0.89755	0.72244	0.73832	0.77863	0.79751	0	0	0.65783	0.66854	0	0	0.69107	0.73957	0	0	0	0	0	0	0	0	0	0	0	0	0	0	0.76741	0	0	0	0.67742	0	0.71701	0.70791	0	0	0	0	0	0	0.65709	0.68406	0.81404	0.81104	0.76972	0.72761	0.71499	0.65837	0.66478	0	0.69163	0.68895	0.79363	0.74672	0.71619	0.76791	0	0	0	0	0	0	0	0	0	0	0	0	0	0.69908	0	0	0	0	0	0	0	0	0	0	0	0	0	0.66412	0	0	
0.73283	0.73247	0	0.72859	0	0	0.69166	0.75571	0	0.65936	0.72313	0.80057	0.70448	0.75281	0.68918	0.79954	0.68901	0.73745	0.76769	0.78317	0	0	0	0.65789	0	0	0	0	0.89755	0	0.70511	0.7152	0.78186	0.80248	0	0	0	0.6683	0	0	0	0.72408	0	0	0	0	0	0	0	0	0	0	0	0	0	0	0.7123	0	0	0	0.69683	0.68737	0.72812	0.80837	0	0	0	0	0	0	0.65305	0.6744	0.71239	0.77944	0.7171	0.69322	0.69414	0.68296	0	0.66786	0	0.67625	0.76619	0.77409	0.71382	0.76136	0	0	0	0	0	0	0	0	0	0	0	0	0.66658	0.66983	0	0	0.65586	0	0	0	0	0	0	0	0	0	0	0.66183	0	0	
0	0	0.82966	0.775	0	0	0.74626	0	0	0	0	0	0.68513	0	0.75763	0.65384	0	0	0.66493	0.67062	0	0	0.86934	0.84866	0.71149	0.67947	0	0	0.72244	0.70511	0	0.92143	0.85191	0.84782	0.72023	0.72366	0.69029	0.66756	0.70368	0.68438	0.67176	0.69559	0	0	0	0	0	0	0	0	0	0	0	0	0	0	0	0	0	0	0.65943	0	0	0	0	0	0.75852	0.71638	0.66801	0.66727	0.65316	0	0	0.67044	0.65401	0	0.69788	0.6764	0	0	0	0	0.66889	0	0.68473	0.70457	0	0	0.65986	0	0	0	0	0	0	0	0	0	0	0	0	0	0	0	0	0	0	0	0	0	0	0	0	0	0	0	
0.65621	0	0.79375	0.79862	0	0	0.73368	0.66885	0	0	0	0	0.69453	0	0.70162	0.66766	0	0	0.70039	0.703	0	0	0.82684	0.86358	0	0	0	0	0.73832	0.7152	0.92143	0	0.81453	0.85646	0.67465	0.68674	0	0	0	0	0.65781	0	0	0	0	0	0	0	0	0	0	0	0	0	0	0	0	0	0	0	0.68162	0	0	0	0	0	0.68971	0.67917	0	0	0.68473	0.72356	0.68218	0.71084	0.7201	0.65611	0.70659	0.68593	0	0	0	0	0	0	0.6559	0.71658	0	0	0	0	0	0	0	0	0	0	0	0	0	0	0	0	0	0	0	0	0	0	0	0	0	0	0	0	0	0	
0.73331	0.76396	0.84572	0.85119	0	0	0.84299	0.71885	0.72125	0	0.69485	0	0.79098	0	0.75998	0.70924	0	0	0.81194	0.84647	0	0	0.79807	0.81658	0	0	0	0	0.77863	0.78186	0.85191	0.81453	0	0.96422	0.76082	0.78868	0.75633	0.77377	0.74836	0.77344	0.67079	0.73053	0.68203	0.67002	0.66948	0.66657	0.69198	0.71546	0.68072	0.70583	0.74286	0.67225	0.69061	0	0.77542	0.73784	0.70535	0.73486	0.77348	0.73255	0.79062	0.66898	0.66498	0.72292	0.6628	0.69289	0.85397	0.85288	0.83111	0.82928	0.65768	0	0	0.69072	0	0	0.72147	0.70962	0	0	0	0	0.71134	0	0.76445	0.79585	0	0	0.76761	0.73512	0.65735	0.70414	0	0.65511	0.69251	0.66374	0.77589	0.71605	0.69023	0.70679	0	0	0.68212	0	0.72293	0.70848	0	0	0	0.67205	0.6838	0.68245	0.68608	0.72278	0.6947	0	
0.73488	0.76476	0.81739	0.88315	0	0	0.8336	0.79807	0.69344	0	0.72665	0.73199	0.78883	0.72714	0.73077	0.76604	0	0	0.83031	0.86561	0	0	0.80214	0.85079	0	0	0	0	0.79751	0.80248	0.84782	0.85646	0.96422	0	0.72864	0.78291	0.70637	0.75681	0.69315	0.72031	0	0.70516	0.65406	0	0	0	0	0.67032	0	0	0.68203	0	0	0	0.72214	0.67671	0.65977	0.68661	0.73855	0.71152	0.77523	0.73267	0	0.73189	0	0.70768	0.79711	0.82786	0.76833	0.77644	0.67621	0.68985	0.6533	0.72808	0.6927	0	0.73203	0.73669	0	0	0	0	0.71777	0	0.7293	0.80017	0	0	0.69436	0.69889	0.67956	0.68225	0.66574	0	0.66476	0	0.72202	0.66736	0.70433	0.68175	0	0	0.68856	0	0.71564	0.67454	0	0	0	0.65966	0.65587	0.65472	0.6771	0.72102	0.69147	0	
0	0	0.74541	0	0	0	0	0	0	0	0	0	0	0	0	0	0	0	0	0	0	0	0.71233	0.66889	0	0	0	0	0	0	0.72023	0.67465	0.76082	0.72864	0	0.94948	0	0	0.67172	0	0	0	0	0	0	0	0	0	0	0	0	0	0	0	0	0	0	0	0	0	0	0	0	0	0.66384	0	0.86565	0.83713	0	0	0	0	0	0	0	0	0	0	0	0	0	0	0	0	0	0	0	0	0	0	0	0	0	0	0	0	0	0	0	0	0	0	0	0	0	0	0	0	0	0	0	0	0	0	0	0	
0	0	0.72955	0.68067	0	0	0.68232	0	0	0	0	0	0	0	0	0	0	0	0	0	0	0	0.69569	0.67248	0	0	0	0	0	0	0.72366	0.68674	0.78868	0.78291	0.94948	0	0	0	0.65387	0	0	0	0	0	0	0	0	0	0	0	0	0	0	0	0	0	0	0	0	0	0	0	0	0	0	0	0.84797	0.85632	0	0	0	0	0	0	0	0	0	0	0	0	0	0	0	0	0	0	0	0	0	0	0	0	0	0	0	0	0	0	0	0	0	0	0	0	0.67917	0.66634	0	0	0	0	0	0	0	0	0.66612	0	
0	0	0.67708	0	0	0	0	0	0	0	0	0	0	0	0	0	0	0	0	0	0	0	0	0	0	0	0	0	0.65783	0	0.69029	0	0.75633	0.70637	0	0	0	0.86041	0.84609	0.79473	0.79319	0.7928	0	0	0	0	0	0	0	0	0	0	0	0	0.70449	0	0	0	0	0	0	0	0	0	0	0	0.68042	0.69202	0	0	0	0	0	0	0	0	0	0	0	0	0	0	0	0	0	0	0	0	0.70755	0	0	0.68307	0	0	0	0	0.67604	0	0	0	0	0	0	0	0.70278	0.75133	0	0	0	0	0	0	0	0	0	0	
0	0	0	0.70713	0	0	0	0	0	0	0	0	0	0	0	0	0	0	0	0.65473	0	0	0	0	0	0	0	0	0.66854	0.6683	0.66756	0	0.77377	0.75681	0	0	0.86041	0	0.78445	0.84913	0.7177	0.81225	0	0	0	0	0	0	0	0	0	0	0	0	0.73504	0.66938	0	0	0	0	0	0	0	0	0	0	0.68389	0.73502	0	0	0	0	0	0	0	0	0	0	0	0	0	0	0	0	0	0.69003	0	0	0.65452	0.67861	0.6673	0.696	0	0	0	0.66872	0.74084	0	0.66479	0	0	0	0	0	0.69104	0.71047	0	0	0	0.6815	0.70079	0.66007	0.66186	0	0	0	
0	0	0.67193	0	0	0	0	0	0.66094	0	0	0	0	0	0.6722	0	0	0	0	0	0	0	0	0	0	0	0	0	0	0	0.70368	0	0.74836	0.69315	0.67172	0.65387	0.84609	0.78445	0	0.8964	0.66032	0.74235	0	0	0	0	0	0	0	0	0	0	0.68124	0	0.82657	0.7273	0	0	0	0	0	0	0	0	0	0	0.76568	0.76291	0	0.68719	0	0	0	0	0	0	0	0	0	0	0	0	0	0	0	0	0	0	0.81662	0.68868	0	0	0	0	0.67173	0.6959	0.7667	0	0	0	0	0	0	0	0	0	0	0	0	0	0	0	0	0	0	0	
0	0	0.65423	0.65747	0	0	0.65944	0	0.66562	0	0	0	0	0	0.67378	0	0	0	0	0	0	0	0	0	0	0	0	0	0	0	0.68438	0	0.77344	0.72031	0	0	0.79473	0.84913	0.8964	0	0.68763	0.81345	0	0.65342	0.66552	0.68443	0.70467	0.72322	0.66364	0.67798	0.69235	0.67285	0.70576	0.69313	0.84468	0.80059	0	0	0.69775	0.65436	0.65505	0	0	0	0	0	0.76984	0.78593	0.70818	0.72475	0	0	0	0	0	0	0	0	0	0	0	0	0	0	0	0.69262	0	0	0.76475	0.7889	0	0	0	0	0.72856	0.79386	0.81572	0.6664	0	0	0	0	0	0	0	0.67504	0	0	0	0.67162	0.67791	0	0	0	0	0	
0	0	0	0	0	0	0	0	0	0	0	0	0	0	0	0	0	0	0	0	0	0	0	0	0	0	0	0	0.69107	0	0.67176	0.65781	0.67079	0	0	0	0.79319	0.7177	0.66032	0.68763	0	0.8223	0	0	0	0	0	0	0	0	0	0	0	0	0	0	0	0	0	0	0	0	0	0	0	0	0	0	0	0	0	0	0.7282	0.70543	0.68728	0	0.67165	0.6606	0	0	0	0	0	0	0	0	0	0	0	0	0	0	0	0	0	0	0	0	0	0	0	0	0	0	0	0.66852	0	0	0	0	0	0	0	0	0	0	
0	0	0	0	0	0	0	0	0	0	0	0	0	0	0	0	0	0	0	0	0	0	0	0	0	0	0	0	0.73957	0.72408	0.69559	0	0.73053	0.70516	0	0	0.7928	0.81225	0.74235	0.81345	0.8223	0	0	0	0	0	0	0	0	0	0	0	0	0	0.65406	0	0	0	0	0	0	0	0	0	0	0	0	0	0	0	0	0	0.67701	0.72078	0.6554	0	0.65366	0.66127	0	0	0	0	0	0	0	0.74674	0	0	0	0.65954	0	0	0	0	0	0	0	0	0	0	0	0	0	0	0	0.67735	0	0	0	0	0	0	0	0	0	0	
0	0.66724	0	0	0	0	0	0	0	0	0	0	0	0	0	0	0	0	0	0	0	0	0	0	0	0	0	0	0	0	0	0	0.68203	0.65406	0	0	0	0	0	0	0	0	0	0.97029	0.88557	0.87171	0.94117	0.91705	0.82759	0.81564	0.76602	0.73711	0.76994	0.7453	0.78571	0.76728	0	0	0.65446	0.65281	0	0	0	0	0	0	0.70783	0.71976	0	0.68686	0	0	0	0	0	0	0	0	0	0	0	0	0	0	0	0	0	0	0	0	0	0	0	0	0	0	0.7837	0	0.69305	0	0	0	0	0	0	0	0	0	0	0	0.65329	0	0.65403	0	0	0	
0	0	0	0	0	0	0	0	0	0	0	0	0	0	0	0	0	0	0	0	0	0	0	0	0	0	0	0	0	0	0	0	0.67002	0	0	0	0	0	0	0.65342	0	0	0.97029	0	0.90157	0.89607	0.94416	0.92933	0.84565	0.85158	0.7942	0.78168	0.78873	0.78773	0.80241	0.80145	0	0	0.65499	0.66839	0	0	0	0	0	0	0.70516	0.72147	0.65667	0.70701	0	0	0	0	0	0	0	0	0	0	0	0	0	0	0	0	0	0	0	0.6705	0	0	0	0	0	0	0.77616	0	0	0	0	0	0	0	0	0	0	0	0	0	0	0	0	0	0	0	
0	0	0	0	0	0	0	0	0	0	0	0	0	0	0	0	0	0	0	0	0	0	0	0	0	0	0	0	0	0	0	0	0.66948	0	0	0	0	0	0	0.66552	0	0	0.88557	0.90157	0	0.9744	0.92079	0.91167	0.94442	0.91113	0.85404	0.85593	0.81404	0.83547	0.82079	0.83607	0	0	0.6926	0.72479	0	0	0	0	0	0	0.75066	0.76029	0	0.70426	0	0	0	0	0	0	0	0	0	0	0	0	0	0	0	0	0	0	0	0.69133	0	0	0	0	0	0	0.76324	0	0	0	0	0	0	0	0	0	0	0	0	0	0	0	0	0	0	0	
0	0	0	0	0	0	0	0	0	0	0	0	0	0	0	0	0	0	0	0	0	0	0	0	0	0	0	0	0	0	0	0	0.66657	0	0	0	0	0	0	0.68443	0	0	0.87171	0.89607	0.9744	0	0.92413	0.91719	0.93274	0.93887	0.85983	0.85765	0.81743	0.84693	0.82793	0.85939	0	0.66075	0.70938	0.74726	0	0	0	0	0	0	0.75651	0.78483	0.65372	0.72474	0	0	0	0	0	0	0	0	0	0	0	0	0	0	0	0	0	0	0	0.70088	0	0	0	0	0	0	0.77056	0	0	0	0	0	0	0	0	0	0	0	0	0	0	0	0	0	0	0	
0	0.68891	0	0	0	0	0	0	0	0	0	0	0	0	0	0	0	0	0	0	0	0	0	0	0	0	0	0	0	0	0	0	0.69198	0	0	0	0	0	0	0.70467	0	0	0.94117	0.94416	0.92079	0.92413	0	0.96075	0.89653	0.89264	0.85388	0.83277	0.88475	0.87189	0.88772	0.86719	0	0.69845	0.69146	0.71779	0	0	0	0	0	0	0.7148	0.72531	0.70487	0.7472	0	0	0	0	0	0	0	0	0	0	0	0	0	0	0	0	0	0	0.68755	0.73532	0	0	0	0	0	0	0.81912	0.67047	0.67734	0	0	0	0	0	0	0	0	0	0	0	0	0	0	0	0	0	
0	0.73757	0	0.66602	0	0	0	0	0	0	0	0	0.67006	0	0	0	0	0	0	0.67489	0	0	0	0	0	0	0	0	0	0	0	0	0.71546	0.67032	0	0	0	0	0	0.72322	0	0	0.91705	0.92933	0.91167	0.91719	0.96075	0	0.88409	0.88906	0.83702	0.83188	0.85461	0.86432	0.8817	0.89353	0	0.72126	0.72345	0.76599	0	0	0	0	0	0	0.73759	0.76006	0.70618	0.74171	0	0	0	0	0	0	0	0	0	0	0	0	0	0	0	0.66004	0	0	0.69452	0.76599	0.65448	0.65393	0	0	0	0	0.84839	0.7261	0.75336	0.67403	0	0	0	0	0	0	0	0	0	0	0.69938	0.66525	0	0	0	0	
0	0	0	0	0	0	0	0	0	0	0	0	0	0	0	0	0	0	0	0	0	0	0	0	0	0	0	0	0	0	0	0	0.68072	0	0	0	0	0	0	0.66364	0	0	0.82759	0.84565	0.94442	0.93274	0.89653	0.88409	0	0.93475	0.92837	0.89416	0.83551	0.82865	0.80304	0.81914	0	0.6892	0.75615	0.75344	0	0	0	0	0	0	0.7288	0.73364	0.65613	0.72682	0	0	0	0	0	0	0	0	0	0	0	0	0	0	0	0	0	0	0.66773	0.69338	0	0	0	0	0	0	0.76227	0	0	0	0	0	0	0	0	0	0	0	0	0	0	0	0	0	0	0	
0	0.668	0	0	0	0	0	0	0	0	0	0	0	0	0	0	0	0	0	0	0	0	0	0	0	0	0	0	0	0	0	0	0.70583	0	0	0	0	0	0	0.67798	0	0	0.81564	0.85158	0.91113	0.93887	0.89264	0.88906	0.93475	0	0.91256	0.91791	0.82506	0.85609	0.80991	0.84964	0	0.7086	0.74177	0.78822	0	0	0	0	0	0	0.7531	0.77468	0.73756	0.77649	0	0	0	0	0	0	0	0	0	0	0	0	0	0	0	0	0	0	0.66268	0.71328	0	0	0	0	0	0	0.77051	0	0	0	0	0	0	0	0	0	0	0	0	0	0	0	0	0	0	0	
0	0.68125	0	0	0	0	0	0	0	0	0	0	0.66318	0	0	0	0	0	0	0	0	0	0	0	0	0	0	0	0	0	0	0	0.74286	0.68203	0	0	0	0	0	0.69235	0	0	0.76602	0.7942	0.85404	0.85983	0.85388	0.83702	0.92837	0.91256	0	0.90717	0.89324	0.83554	0.83594	0.81854	0	0.74435	0.74797	0.7291	0.65753	0	0	0	0	0	0.75388	0.73448	0.73629	0.77511	0	0	0	0	0	0	0	0	0	0	0	0	0	0	0.65352	0	0	0	0.75144	0.71952	0	0	0	0	0	0	0.7556	0	0	0	0	0	0	0	0	0	0	0	0	0	0	0	0	0	0	0	
0	0.68418	0	0	0	0	0	0	0	0	0	0	0	0	0	0	0	0	0	0	0	0	0	0	0	0	0	0	0	0	0	0	0.67225	0	0	0	0	0	0	0.67285	0	0	0.73711	0.78168	0.85593	0.85765	0.83277	0.83188	0.89416	0.91791	0.90717	0	0.82763	0.85152	0.80067	0.81846	0	0.71912	0.73622	0.76191	0	0	0	0	0	0.68494	0.72193	0.7147	0.75242	0.76784	0	0	0	0	0	0	0	0	0	0	0	0	0	0	0	0	0	0	0.66238	0.7338	0	0	0	0	0	0	0.74039	0	0	0	0	0	0	0	0	0	0	0	0	0	0	0	0	0	0	0	
0	0.67457	0	0	0	0	0	0	0	0	0	0	0	0	0	0	0	0	0	0	0	0	0	0	0	0	0	0	0	0	0	0	0.69061	0	0	0	0	0	0.68124	0.70576	0	0	0.76994	0.78873	0.81404	0.81743	0.88475	0.85461	0.83551	0.82506	0.89324	0.82763	0	0.90019	0.92557	0.87368	0	0.72803	0.65462	0.67797	0	0	0	0	0	0	0.67616	0.6593	0.71848	0.74542	0	0	0	0	0	0	0	0	0	0	0	0	0	0	0	0.65767	0	0	0.8257	0.80489	0	0	0	0	0	0	0.75038	0	0	0	0	0	0	0	0	0	0	0	0	0	0	0	0	0	0	0	
0	0.65552	0	0	0	0	0	0	0	0	0	0	0	0	0	0	0	0	0	0	0	0	0	0	0	0	0	0	0	0	0	0	0	0	0	0	0	0	0	0.69313	0	0	0.7453	0.78773	0.83547	0.84693	0.87189	0.86432	0.82865	0.85609	0.83554	0.85152	0.90019	0	0.87523	0.90553	0	0.69063	0	0.7167	0	0	0	0	0	0	0	0.65954	0.71113	0.72551	0	0	0	0	0	0	0	0	0	0	0	0	0	0	0	0	0	0	0.72096	0.83344	0	0	0	0	0	0	0.72255	0	0	0	0	0	0	0	0	0	0	0	0	0	0	0	0	0	0	0	
0	0.7088	0.66122	0.6814	0	0	0.65715	0	0.66478	0	0	0	0.68766	0	0.72292	0	0	0	0	0.68331	0	0	0	0	0	0	0	0	0	0	0	0	0.77542	0.72214	0	0	0.70449	0.73504	0.82657	0.84468	0	0.65406	0.78571	0.80241	0.82079	0.82793	0.88772	0.8817	0.80304	0.80991	0.83594	0.80067	0.92557	0.87523	0	0.91993	0	0.74327	0.71225	0.74732	0	0	0	0	0	0	0.78577	0.78567	0.76099	0.81219	0	0	0	0	0	0	0	0	0	0	0	0	0	0	0	0.70383	0	0	0.85455	0.84276	0.65927	0	0	0	0.69468	0.7141	0.85675	0.68533	0.71319	0	0	0	0	0	0	0	0	0	0	0	0.6701	0	0	0	0	0	
0	0.70233	0	0	0	0	0	0	0.65964	0	0	0	0.67364	0	0.71156	0	0	0	0	0.67234	0	0	0	0	0	0	0	0	0	0	0	0	0.73784	0.67671	0	0	0	0.66938	0.7273	0.80059	0	0	0.76728	0.80145	0.83607	0.85939	0.86719	0.89353	0.81914	0.84964	0.81854	0.81846	0.87368	0.90553	0.91993	0	0	0.73149	0.72986	0.76404	0	0	0	0	0	0	0.74613	0.75166	0.77183	0.79359	0	0	0	0	0	0	0	0	0	0	0	0	0	0	0	0.69715	0	0	0.78404	0.8731	0	0	0	0	0.66574	0.69981	0.79822	0.71986	0.66945	0.65881	0	0	0	0	0	0	0	0	0	0	0	0	0	0	0	0	
0.83277	0.76713	0	0	0	0	0	0	0	0	0	0	0	0	0	0	0.72065	0.75441	0.80122	0.7511	0	0	0	0	0	0	0	0	0.76741	0.7123	0	0	0.70535	0.65977	0	0	0	0	0	0	0	0	0	0	0	0	0	0	0	0	0	0	0	0	0	0	0	0.69509	0	0	0.7101	0	0.72989	0	0	0	0	0	0.7063	0	0	0	0	0	0	0	0	0	0	0	0.68728	0.69341	0	0	0.73502	0.75859	0	0	0	0	0	0	0	0	0	0	0	0.7129	0	0.74279	0	0	0	0	0	0	0	0	0	0	0	0	0	0	0	0	
0.66652	0.87659	0.66061	0.69044	0	0	0	0	0	0	0	0	0.67265	0	0.6782	0	0	0	0.68433	0.77604	0	0	0	0.65363	0	0	0	0	0	0	0	0	0.73486	0.68661	0	0	0	0	0	0	0	0	0	0	0	0.66075	0.69845	0.72126	0.6892	0.7086	0.74435	0.71912	0.72803	0.69063	0.74327	0.73149	0.69509	0	0.75004	0.77385	0.75676	0	0	0.6962	0	0	0.67016	0	0.82507	0.81404	0	0	0	0	0	0	0	0	0	0	0	0	0	0	0.66724	0.66637	0	0	0.77185	0.71697	0	0	0	0	0	0	0.71425	0	0	0	0	0	0	0	0	0	0	0	0	0	0	0	0	0	0	0	
0	0.7117	0.67799	0.70397	0	0	0.75994	0	0	0	0	0	0.74676	0	0.66871	0	0	0	0.66843	0.70819	0	0	0	0	0	0	0	0	0	0	0	0	0.77348	0.73855	0	0	0	0	0	0.69775	0	0	0.65446	0.65499	0.6926	0.70938	0.69146	0.72345	0.75615	0.74177	0.74797	0.73622	0.65462	0	0.71225	0.72986	0	0.75004	0	0.89184	0.89522	0.70815	0	0	0	0.70303	0.81622	0.7945	0.70854	0.78711	0	0	0	0	0	0	0	0	0	0	0	0	0	0	0	0.65708	0	0	0.71058	0.74414	0	0	0	0	0.69674	0.65348	0.76419	0.67854	0.66071	0	0	0	0	0	0	0	0	0	0	0	0	0	0	0	0	0	
0	0.72279	0	0.70818	0	0	0.70644	0.69825	0.66899	0	0	0	0.68988	0	0.67698	0	0	0	0	0.71048	0	0	0	0	0	0	0	0	0	0	0	0	0.73255	0.71152	0	0	0	0	0	0.65436	0	0	0.65281	0.66839	0.72479	0.74726	0.71779	0.76599	0.75344	0.78822	0.7291	0.76191	0.67797	0.7167	0.74732	0.76404	0	0.77385	0.89184	0	0.8149	0.7842	0	0.71638	0	0.72529	0.77519	0.80514	0.68518	0.78633	0	0	0	0	0	0	0	0	0	0	0	0	0	0	0	0.66083	0	0	0.6933	0.77806	0	0	0	0	0	0	0.74416	0	0.70127	0	0	0	0	0	0	0	0	0	0	0.65507	0	0	0	0	0	0	
0.73838	0.75884	0.71616	0.75734	0	0	0.79639	0.70414	0.68015	0	0.7294	0.69891	0.80561	0	0.71704	0.67569	0	0	0.74895	0.76515	0	0	0	0.66734	0	0	0	0	0.67742	0.69683	0.65943	0.68162	0.79062	0.77523	0	0	0	0	0	0.65505	0	0	0	0	0	0	0	0	0	0	0.65753	0	0	0	0	0	0.7101	0.75676	0.89522	0.8149	0	0.82085	0.73638	0.76818	0	0.7338	0.69024	0.68422	0.71535	0.7387	0	0	0	0	0	0	0	0	0	0	0	0	0	0	0.67702	0.72348	0	0	0.69255	0.72644	0	0	0	0	0	0	0.65526	0.65354	0	0.66248	0	0	0	0	0	0	0	0	0	0	0	0	0	0	0	0	
0.65414	0.72213	0	0.75331	0	0	0.69877	0.85576	0	0.75132	0.6664	0.82726	0.71497	0.78763	0	0.76843	0	0	0.69498	0.7449	0	0	0	0	0	0	0	0	0	0.68737	0	0	0.66898	0.73267	0	0	0	0	0	0	0	0	0	0	0	0	0	0	0	0	0	0	0	0	0	0	0	0	0.70815	0.7842	0.82085	0	0.65755	0.81148	0	0.78255	0	0	0	0	0	0	0	0	0	0	0	0	0	0	0	0	0	0	0	0.68866	0	0	0	0.65645	0.67724	0	0	0	0	0	0	0	0.70261	0	0.69255	0	0	0	0	0	0	0	0	0	0	0	0	0	0	0	
0.74881	0.65471	0	0	0	0	0	0	0	0	0.6568	0.69434	0	0	0	0	0.69645	0.7032	0.70982	0.68338	0	0	0	0	0	0	0	0	0.71701	0.72812	0	0	0.66498	0	0	0	0	0	0	0	0	0	0	0	0	0	0	0	0	0	0	0	0	0	0	0	0.72989	0	0	0	0.73638	0.65755	0	0.80317	0	0	0	0	0	0	0	0	0	0	0	0	0	0	0	0	0.67047	0.68244	0	0.6584	0	0.72041	0	0	0	0	0	0	0	0	0	0	0	0	0	0	0	0	0	0	0	0	0	0	0	0	0	0	0	0	0	0	
0.67232	0.73546	0	0.7077	0	0	0.6807	0.76007	0	0.6703	0.67067	0.79191	0.69778	0.76819	0.74486	0.76482	0	0.6582	0.68575	0.7213	0	0	0	0	0	0	0	0	0.70791	0.80837	0	0	0.72292	0.73189	0	0	0	0	0	0	0	0	0	0	0	0	0	0	0	0	0	0	0	0	0	0	0	0.6962	0	0.71638	0.76818	0.81148	0.80317	0	0	0	0	0	0	0	0	0	0	0	0	0	0	0	0	0	0	0	0.73443	0.70749	0.69495	0.74748	0	0	0	0	0	0	0	0	0	0	0	0	0	0	0	0	0	0	0	0	0	0	0	0	0	0	0	0	0	0	
0	0	0.70208	0	0	0	0	0	0	0	0	0	0	0	0	0	0	0	0	0	0	0	0.67796	0	0	0	0	0	0	0	0	0	0.6628	0	0.66384	0	0	0	0	0	0	0	0	0	0	0	0	0	0	0	0	0	0	0	0	0	0	0	0	0	0	0	0	0	0	0	0	0	0	0	0	0	0	0	0	0	0	0	0	0	0	0	0	0	0	0	0	0	0	0	0	0	0	0	0	0	0	0	0	0	0	0	0	0	0	0	0	0	0	0	0	0	0	0	0	0	
0	0.72235	0	0.74417	0	0	0.6663	0.72815	0.70212	0.7132	0	0.6763	0	0	0	0	0	0	0	0	0	0	0	0.67509	0	0	0	0	0	0	0	0	0.69289	0.70768	0	0	0	0	0	0	0	0	0	0	0	0	0	0	0	0	0	0.68494	0	0	0	0	0	0	0.70303	0.72529	0.7338	0.78255	0	0	0	0	0.65632	0.68577	0	0	0	0	0	0	0	0	0	0	0	0	0	0	0	0	0	0.69838	0	0	0	0.68819	0	0	0	0	0	0	0	0	0	0	0	0	0	0	0	0	0	0	0	0	0	0	0	0	0	0	
0	0	0.79	0.72556	0	0	0.75338	0	0.66373	0	0	0	0.68992	0	0.69701	0	0	0	0	0	0	0	0.69699	0.67821	0	0	0	0	0	0	0.75852	0.68971	0.85397	0.79711	0.86565	0.84797	0.68042	0.68389	0.76568	0.76984	0	0	0.70783	0.70516	0.75066	0.75651	0.7148	0.73759	0.7288	0.7531	0.75388	0.72193	0.67616	0	0.78577	0.74613	0	0.67016	0.81622	0.77519	0.69024	0	0	0	0	0.65632	0	0.95987	0.71079	0.80563	0	0	0	0	0	0	0	0	0	0	0	0	0	0	0	0	0	0	0.76065	0.69797	0	0.65986	0	0	0	0.66152	0.79388	0	0	0	0	0	0	0	0.65751	0.66728	0	0	0	0.66055	0.68168	0	0	0	0	0	
0	0	0.73393	0.74628	0	0	0.74422	0	0	0	0	0	0.68068	0	0.6637	0	0	0	0	0.67275	0	0	0.66416	0.6694	0	0	0	0	0	0	0.71638	0.67917	0.85288	0.82786	0.83713	0.85632	0.69202	0.73502	0.76291	0.78593	0	0	0.71976	0.72147	0.76029	0.78483	0.72531	0.76006	0.73364	0.77468	0.73448	0.7147	0.6593	0.65954	0.78567	0.75166	0	0	0.7945	0.80514	0.68422	0	0	0	0	0.68577	0.95987	0	0.69699	0.8059	0	0	0	0	0	0	0	0	0	0	0	0	0	0	0	0.68903	0	0	0.7185	0.70565	0	0.66895	0	0	0	0.67719	0.79212	0	0.67816	0	0	0	0	0	0.67913	0.66574	0	0	0	0.70654	0.70707	0	0	0	0	0	
0.6563	0.78664	0.72112	0.73414	0	0	0.69266	0	0	0	0	0	0.71968	0	0.68288	0	0	0	0.74387	0.79802	0	0	0.68154	0.72653	0	0	0	0	0	0	0.66801	0	0.83111	0.76833	0	0	0	0	0	0.70818	0	0	0	0.65667	0	0.65372	0.70487	0.70618	0.65613	0.73756	0.73629	0.75242	0.71848	0.71113	0.76099	0.77183	0.7063	0.82507	0.70854	0.68518	0.71535	0	0	0	0	0	0.71079	0.69699	0	0.91302	0	0	0	0	0	0	0	0	0	0	0	0	0	0	0.68333	0.71725	0	0	0.73108	0.73411	0	0	0	0	0.6562	0	0.70707	0.66456	0	0	0	0	0	0	0	0	0	0	0	0	0	0	0	0	0	0	
0	0.73887	0.71454	0.73862	0	0	0.71982	0	0	0	0	0	0.73672	0	0.70795	0	0	0	0.67956	0.76752	0	0	0.66989	0.71375	0	0	0	0	0	0	0.66727	0	0.82928	0.77644	0	0	0	0	0.68719	0.72475	0	0	0.68686	0.70701	0.70426	0.72474	0.7472	0.74171	0.72682	0.77649	0.77511	0.76784	0.74542	0.72551	0.81219	0.79359	0	0.81404	0.78711	0.78633	0.7387	0	0	0	0	0	0.80563	0.8059	0.91302	0	0	0	0	0	0	0	0	0	0	0	0	0	0	0	0	0.69418	0	0	0.75887	0.73891	0	0	0	0	0.6849	0	0.7418	0	0	0	0	0	0	0	0	0	0	0	0	0	0	0	0	0	0	0	
0	0	0.6665	0.69246	0	0	0.68708	0	0	0	0	0	0	0	0	0	0	0	0.65365	0	0.65715	0	0	0	0	0	0	0	0.65709	0.65305	0.65316	0.68473	0.65768	0.67621	0	0	0	0	0	0	0	0	0	0	0	0	0	0	0	0	0	0	0	0	0	0	0	0	0	0	0	0	0	0	0	0	0	0	0	0	0	0.91672	0.78004	0.78369	0.74669	0.69686	0.78143	0.76928	0	0	0	0	0	0	0	0	0	0	0	0	0	0	0	0	0	0	0	0	0	0	0	0	0	0	0	0	0	0	0	0	0	0	0	0	0	0	
0	0	0	0.67428	0	0	0	0.66412	0	0	0	0	0	0	0	0	0	0	0	0	0.6572	0.67992	0	0	0	0	0	0.6737	0.68406	0.6744	0	0.72356	0	0.68985	0	0	0	0	0	0	0	0	0	0	0	0	0	0	0	0	0	0	0	0	0	0	0	0	0	0	0	0	0	0	0	0	0	0	0	0	0.91672	0	0.83525	0.84581	0.81423	0.81372	0.85332	0.85631	0	0	0	0	0	0	0	0	0	0	0	0	0	0	0	0	0	0	0	0	0	0	0	0	0	0	0	0	0	0	0	0	0	0	0	0	0	0	
0.70177	0	0	0	0	0	0	0	0	0	0	0	0	0	0	0	0.67131	0	0.72978	0	0	0	0	0	0	0	0	0	0.81404	0.71239	0	0.68218	0	0.6533	0	0	0	0	0	0	0.7282	0.67701	0	0	0	0	0	0	0	0	0	0	0	0	0	0	0	0	0	0	0	0	0	0	0	0	0	0	0	0	0.78004	0.83525	0	0.94674	0.92547	0.88497	0.79034	0.7137	0	0	0.65337	0.67327	0	0	0	0	0	0	0	0	0	0	0	0	0	0	0	0	0	0	0	0	0	0	0	0	0	0	0	0	0	0	0	0	0	0	
0.6956	0	0	0	0	0	0	0	0	0	0.68727	0.67829	0	0	0	0	0	0	0.74263	0.69359	0	0	0	0	0	0	0	0	0.81104	0.77944	0.67044	0.71084	0.69072	0.72808	0	0	0	0	0	0	0.70543	0.72078	0	0	0	0	0	0	0	0	0	0	0	0	0	0	0	0	0	0	0	0	0	0	0	0	0	0	0	0	0.78369	0.84581	0.94674	0	0.91027	0.92026	0.81495	0.78484	0	0	0	0.66683	0	0	0	0.65886	0	0	0	0	0	0	0	0	0	0	0	0	0	0	0	0	0	0	0	0	0	0	0	0	0	0	0	0	0	0	
0	0	0	0	0	0	0	0	0	0	0.66228	0	0	0	0	0	0	0	0.68628	0	0	0	0	0	0	0	0	0	0.76972	0.7171	0.65401	0.7201	0	0.6927	0	0	0	0	0	0	0.68728	0.6554	0	0	0	0	0	0	0	0	0	0	0	0	0	0	0	0	0	0	0	0	0	0	0	0	0	0	0	0	0.74669	0.81423	0.92547	0.91027	0	0.92952	0.82216	0.75707	0	0	0	0.67503	0	0	0	0	0	0	0	0	0	0	0	0	0	0	0	0	0	0	0	0	0	0	0	0	0	0	0	0	0	0	0	0	0	0	
0	0	0	0	0	0	0	0	0	0	0	0	0	0	0	0	0	0	0	0	0	0	0	0	0	0	0	0	0.72761	0.69322	0	0.65611	0	0	0	0	0	0	0	0	0	0	0	0	0	0	0	0	0	0	0	0	0	0	0	0	0	0	0	0	0	0	0	0	0	0	0	0	0	0	0.69686	0.81372	0.88497	0.92026	0.92952	0	0.81308	0.78557	0	0	0	0.68879	0	0	0	0	0	0	0	0	0	0	0	0	0	0	0	0	0	0	0	0	0	0.65802	0	0	0	0	0	0	0	0	0	0	0	0	
0	0	0	0	0	0	0.66959	0	0	0	0	0	0	0	0	0	0	0	0	0	0	0.65702	0	0	0	0	0	0.66741	0.71499	0.69414	0.69788	0.70659	0.72147	0.73203	0	0	0	0	0	0	0.67165	0.65366	0	0	0	0	0	0	0	0	0	0	0	0	0	0	0	0	0	0	0	0	0	0	0	0	0	0	0	0	0.78143	0.85332	0.79034	0.81495	0.82216	0.81308	0	0.94268	0	0	0	0	0	0	0	0	0	0	0	0	0	0	0	0	0	0	0	0	0	0	0	0	0.65951	0.68728	0.66817	0.70497	0	0	0	0	0	0	0	0	0.6911	0	
0	0	0	0.65809	0	0	0	0	0	0	0	0	0	0	0	0	0	0	0	0	0	0.66347	0	0	0	0	0	0	0.65837	0.68296	0.6764	0.68593	0.70962	0.73669	0	0	0	0	0	0	0.6606	0.66127	0	0	0	0	0	0	0	0	0	0	0	0	0	0	0	0	0	0	0	0	0	0	0	0	0	0	0	0	0.76928	0.85631	0.7137	0.78484	0.75707	0.78557	0.94268	0	0	0	0	0	0	0	0	0	0	0	0	0	0	0	0	0	0	0	0	0	0	0	0	0	0.65528	0	0.66296	0.69015	0	0	0	0.6816	0	0	0	0	0.67897	0	
0	0	0	0	0	0	0	0	0	0	0	0	0	0	0	0	0.83257	0.67003	0	0	0	0	0	0	0	0	0	0	0.66478	0	0	0	0	0	0	0	0	0	0	0	0	0	0	0	0	0	0	0	0	0	0	0	0	0	0	0	0	0	0	0	0	0	0	0	0	0	0	0	0	0	0	0	0	0	0	0	0	0	0	0.83789	0.86007	0.77487	0	0	0	0	0	0	0	0	0	0	0	0	0	0	0	0	0	0	0	0	0	0	0	0	0	0	0	0	0	0	0	0	0	0	
0	0	0	0	0	0	0	0	0	0	0	0	0	0	0	0	0.77889	0.78717	0	0	0	0	0	0	0	0	0	0	0	0.66786	0	0	0	0	0	0	0	0	0	0	0	0	0	0	0	0	0	0	0	0	0	0	0	0	0	0	0	0	0	0	0	0	0	0	0	0	0	0	0	0	0	0	0	0	0	0	0	0	0.83789	0	0.78384	0.7767	0	0	0	0	0	0	0	0	0	0	0	0	0	0	0	0	0	0	0	0	0	0	0	0	0	0	0	0	0	0	0	0	0	0	
0.66276	0	0	0	0	0	0	0	0	0	0	0	0	0	0	0	0.80329	0.67776	0	0	0	0	0	0	0	0	0	0	0.69163	0	0	0	0	0	0	0	0	0	0	0	0	0	0	0	0	0	0	0	0	0	0	0	0	0	0	0	0.68728	0	0	0	0	0	0.67047	0	0	0	0	0	0	0	0	0	0.65337	0	0	0	0	0	0.86007	0.78384	0	0.88332	0	0	0	0	0	0	0	0	0	0	0	0	0	0	0	0	0	0	0	0	0	0	0	0	0	0	0	0	0	0	0	0	0	0	
0	0	0	0	0	0	0	0	0	0	0	0	0	0	0	0	0.74276	0.65527	0	0	0	0	0	0	0	0	0	0	0.68895	0.67625	0	0	0	0	0	0	0	0	0	0	0	0	0	0	0	0	0	0	0	0	0	0	0	0	0	0	0.69341	0	0	0	0	0	0.68244	0	0	0	0	0	0	0	0	0	0.67327	0.66683	0.67503	0.68879	0	0	0.77487	0.7767	0.88332	0	0	0	0	0.71293	0	0	0	0	0	0	0	0	0	0	0	0	0	0	0	0	0	0	0	0	0	0	0	0	0	0	0	0	0	0	
0	0.6798	0	0	0	0	0	0	0	0	0	0.65865	0.66385	0	0.81544	0.74118	0	0	0.69963	0.72319	0	0	0	0	0	0	0	0	0.79363	0.76619	0.66889	0	0.71134	0.71777	0	0	0	0	0	0	0	0	0	0	0	0	0	0	0	0	0	0	0	0	0	0	0	0	0	0	0	0	0	0.73443	0	0	0	0	0	0	0	0	0	0	0	0	0	0	0	0	0	0	0	0.83539	0.72119	0.70363	0.69617	0.69758	0	0	0	0	0	0	0	0	0	0	0	0	0	0	0	0	0	0	0	0	0	0	0	0	0	0	0	0	
0	0.66792	0	0	0	0	0	0	0	0	0	0.69506	0	0	0.71405	0.75699	0	0	0.65799	0.66764	0	0	0	0	0	0	0	0	0.74672	0.77409	0	0	0	0	0	0	0	0	0	0	0	0	0	0	0	0	0	0	0	0	0	0	0	0	0	0	0	0	0	0	0	0	0.6584	0.70749	0	0	0	0	0	0	0	0	0	0	0	0	0	0	0	0	0	0	0.83539	0	0	0.74135	0	0.77608	0	0	0	0	0	0	0	0	0	0	0	0	0	0	0	0	0	0	0	0	0	0	0	0	0	0	0	0	
0.7023	0.69118	0.66026	0.66023	0	0	0	0	0	0	0	0	0	0	0.67593	0	0	0	0.69742	0.6776	0	0	0	0	0	0	0	0	0.71619	0.71382	0.68473	0.6559	0.76445	0.7293	0	0	0	0	0	0	0	0	0	0	0	0	0	0	0	0	0.65352	0	0	0	0	0	0.73502	0.66724	0	0	0.67702	0	0	0.69495	0	0	0	0	0.68333	0	0	0	0	0	0	0	0	0	0	0	0	0	0.72119	0	0	0.8538	0	0	0.7234	0.65648	0	0	0	0	0	0	0	0	0	0	0	0	0	0	0	0	0	0	0	0	0	0	0	0	0	0	
0.72271	0.7731	0	0.74048	0	0	0.66287	0.68895	0	0	0	0.71222	0.69902	0.66304	0.72174	0.72154	0	0	0.77813	0.78339	0	0	0	0.70189	0	0	0	0	0.76791	0.76136	0.70457	0.71658	0.79585	0.80017	0	0	0	0.69003	0	0.69262	0	0.74674	0	0	0	0	0	0.66004	0	0	0	0	0.65767	0	0.70383	0.69715	0.75859	0.66637	0.65708	0.66083	0.72348	0.68866	0.72041	0.74748	0	0.69838	0	0.68903	0.71725	0.69418	0	0	0	0.65886	0	0	0	0	0	0	0	0.71293	0.70363	0.74135	0.8538	0	0	0.69445	0.68247	0.79181	0	0	0	0	0	0	0	0.65635	0.68567	0.68176	0	0	0	0	0	0	0	0	0	0	0	0	0	0	0	0	
0	0	0	0	0	0	0	0	0	0	0	0	0	0	0	0	0	0	0	0	0	0	0	0	0	0	0	0	0	0	0	0	0	0	0	0	0	0	0	0	0	0	0	0	0	0	0	0	0	0	0	0	0	0	0	0	0	0	0	0	0	0	0	0	0	0	0	0	0	0	0	0	0	0	0	0	0	0	0	0	0	0	0.69617	0	0	0	0	0.66734	0	0	0	0	0	0	0	0	0	0	0	0	0	0	0	0	0	0	0	0	0	0	0	0	0	0	0	0	
0	0	0	0	0	0	0	0	0	0	0	0	0	0	0	0	0	0	0	0	0	0	0	0	0	0	0	0	0	0	0	0	0	0	0	0	0	0	0	0	0	0	0	0	0	0	0	0	0	0	0	0	0	0	0	0	0	0	0	0	0	0	0	0	0	0	0	0	0	0	0	0	0	0	0	0	0	0	0	0	0	0	0.69758	0.77608	0	0.69445	0.66734	0	0	0.65521	0	0	0	0	0	0	0	0	0	0	0	0	0	0	0	0	0	0	0	0	0	0	0	0	0	0	
0	0.68022	0.69616	0	0	0	0	0	0.68273	0	0	0	0.69295	0	0.73675	0	0	0	0	0.65908	0	0	0	0	0	0	0	0	0	0	0.65986	0	0.76761	0.69436	0	0	0.70755	0.65452	0.81662	0.76475	0	0	0	0	0	0	0.68755	0.69452	0.66773	0.66268	0.75144	0.66238	0.8257	0.72096	0.85455	0.78404	0	0.77185	0.71058	0.6933	0.69255	0	0	0	0	0	0.76065	0.7185	0.73108	0.75887	0	0	0	0	0	0	0	0	0	0	0	0	0	0	0.7234	0.68247	0	0	0	0.79469	0	0	0	0	0	0	0.71995	0	0	0	0	0	0	0	0	0	0	0	0	0	0	0	0	0	0	0	
0	0.73595	0	0.6678	0	0	0	0	0.70048	0	0	0	0.68918	0	0.75326	0.66959	0	0	0.65791	0.70053	0	0	0	0	0	0	0	0	0	0	0	0	0.73512	0.69889	0	0	0	0.67861	0.68868	0.7889	0	0.65954	0	0.6705	0.69133	0.70088	0.73532	0.76599	0.69338	0.71328	0.71952	0.7338	0.80489	0.83344	0.84276	0.8731	0	0.71697	0.74414	0.77806	0.72644	0.65645	0	0	0	0.68819	0.69797	0.70565	0.73411	0.73891	0	0	0	0	0	0	0	0	0	0	0	0	0	0	0.65648	0.79181	0	0.65521	0.79469	0	0	0	0	0	0.69671	0.68276	0.72384	0.69184	0	0	0	0	0	0	0	0	0	0	0	0	0	0	0	0	0	0	
0	0	0	0.71701	0	0	0.67894	0.77123	0	0	0	0.6901	0	0	0	0.65622	0	0	0	0	0	0	0	0	0	0	0	0	0	0	0	0	0.65735	0.67956	0	0	0	0.6673	0	0	0	0	0	0	0	0	0	0.65448	0	0	0	0	0	0	0.65927	0	0	0	0	0	0	0.67724	0	0	0	0	0	0	0	0	0	0	0	0	0	0	0	0	0	0	0	0	0	0	0	0	0	0	0	0	0	0.91301	0.86948	0.83593	0	0	0.66662	0	0.87139	0.77413	0.85631	0.7968	0.82272	0.71751	0.72245	0.6548	0.68038	0	0	0	0.72167	0.78341	0.86106	0.82875	0.74506	0	
0	0	0	0.66316	0	0	0.71573	0.66139	0	0	0	0	0	0	0	0	0	0	0	0	0	0	0	0	0	0	0	0	0	0	0	0	0.70414	0.68225	0	0	0.68307	0.696	0	0	0	0	0	0	0	0	0	0.65393	0	0	0	0	0	0	0	0	0	0	0	0	0	0	0	0	0	0	0.65986	0.66895	0	0	0	0	0	0	0	0	0	0	0	0	0	0	0	0	0	0	0	0	0	0	0.91301	0	0.76195	0.86666	0	0	0.71454	0	0.84405	0.84402	0.76078	0.80699	0.8404	0.79237	0.77911	0.76488	0.69323	0.70185	0	0.67127	0.75234	0.81817	0.86411	0.83727	0.80666	0	
0	0	0	0.67201	0	0	0	0.73292	0	0	0	0	0	0	0	0	0	0	0	0	0	0	0	0	0	0	0	0	0	0	0	0	0	0.66574	0	0	0	0	0	0	0	0	0	0	0	0	0	0	0	0	0	0	0	0	0	0	0	0	0	0	0	0	0	0	0	0	0	0	0	0	0	0	0	0	0	0	0	0	0	0	0	0	0	0	0	0	0	0	0	0	0.86948	0.76195	0	0.85904	0	0	0	0	0.74396	0	0.91575	0.80009	0.72259	0	0.69045	0	0	0	0	0	0	0.69057	0.8194	0.80963	0.70905	0	
0	0	0	0	0	0	0.6598	0	0	0	0	0	0	0	0	0	0	0	0	0	0	0	0	0	0	0	0	0	0	0	0	0	0.65511	0	0	0	0	0	0	0	0	0	0	0	0	0	0	0	0	0	0	0	0	0	0	0	0	0	0	0	0	0	0	0	0	0	0	0	0	0	0	0	0	0	0	0	0	0	0	0	0	0	0	0	0	0	0	0	0	0	0.83593	0.86666	0.85904	0	0	0	0	0	0.74646	0.68213	0.81192	0.90999	0.75623	0.71781	0.71017	0.67612	0	0	0	0	0.65685	0.70856	0.83474	0.81229	0.75679	0	
0	0	0	0.6552	0	0	0.65355	0	0	0	0	0	0	0	0.65348	0	0	0	0	0	0	0	0	0	0	0	0	0	0	0	0	0	0.69251	0.66476	0	0	0	0	0.67173	0.72856	0	0	0	0	0	0	0	0	0	0	0	0	0	0	0.69468	0.66574	0	0	0.69674	0	0	0	0	0	0	0	0	0	0.6562	0.6849	0	0	0	0	0	0	0	0	0	0	0	0	0	0	0	0	0	0	0	0.69671	0	0	0	0	0	0.81011	0.80661	0.6875	0	0	0	0	0	0	0	0	0	0	0.68303	0.67611	0	0	0	0	0	0	
0	0	0	0	0	0	0	0	0	0	0	0	0	0	0	0	0	0	0	0	0	0	0	0	0	0	0	0	0	0	0	0	0.66374	0	0	0	0	0.66872	0.6959	0.79386	0	0	0	0	0	0	0	0	0	0	0	0	0	0	0.7141	0.69981	0	0	0.65348	0	0	0	0	0	0	0	0.66152	0.67719	0	0	0	0	0	0	0	0	0	0	0	0	0	0	0	0	0	0	0	0	0	0.68276	0	0	0	0	0.81011	0	0.81042	0.76979	0	0	0	0	0	0	0	0	0	0	0	0.66607	0.67831	0	0	0	0	0	
0	0.71352	0.66967	0.69053	0	0	0.68409	0	0	0	0	0	0	0	0	0	0	0	0	0.67362	0	0	0	0	0	0	0	0	0	0	0	0	0.77589	0.72202	0	0	0.67604	0.74084	0.7667	0.81572	0	0	0.7837	0.77616	0.76324	0.77056	0.81912	0.84839	0.76227	0.77051	0.7556	0.74039	0.75038	0.72255	0.85675	0.79822	0	0.71425	0.76419	0.74416	0.65526	0	0	0	0	0	0.79388	0.79212	0.70707	0.7418	0	0	0	0	0	0	0	0	0	0	0	0	0	0	0	0	0	0	0.71995	0.72384	0.66662	0.71454	0	0	0.80661	0.81042	0	0.80451	0.79499	0.70368	0	0	0.66351	0	0.69078	0	0	0	0	0.75697	0.82519	0.74213	0.70284	0	0.65729	0	
0.724	0.70109	0	0	0	0	0	0	0	0	0	0	0	0	0	0	0	0	0.74411	0.73761	0	0	0	0	0	0	0	0	0	0	0	0	0.71605	0.66736	0	0	0	0	0	0.6664	0	0	0	0	0	0	0.67047	0.7261	0	0	0	0	0	0	0.68533	0.71986	0.7129	0	0.67854	0	0.65354	0	0	0	0	0	0	0	0.66456	0	0	0	0	0	0	0	0	0	0	0	0	0	0	0	0	0.65635	0	0	0	0.69184	0	0	0	0	0.6875	0.76979	0.80451	0	0.7623	0.8296	0	0	0.66096	0.65808	0	0	0	0	0	0.66572	0.79979	0.79069	0.67663	0.66683	0	0	
0	0.71767	0	0.68581	0	0	0	0.72592	0	0	0	0.70316	0	0	0	0	0	0	0.66971	0.71273	0	0	0	0	0	0	0	0	0	0.66658	0	0	0.69023	0.70433	0	0	0	0.66479	0	0	0	0	0.69305	0	0	0	0.67734	0.75336	0	0	0	0	0	0	0.71319	0.66945	0	0	0.66071	0.70127	0	0.70261	0	0	0	0	0	0.67816	0	0	0	0	0	0	0	0	0	0	0	0	0	0	0	0	0	0.68567	0	0	0	0	0.87139	0.84405	0.74396	0.74646	0	0	0.79499	0.7623	0	0.8549	0.80114	0.74724	0.83287	0.7512	0.68511	0	0	0	0	0.67311	0.8232	0.85963	0.8386	0.81157	0.71394	0	
0.77953	0.69419	0	0	0	0	0	0	0	0	0	0	0	0	0	0	0	0	0.76167	0.72445	0	0	0	0	0	0	0	0	0.69908	0.66983	0	0	0.70679	0.68175	0	0	0	0	0	0	0	0	0	0	0	0	0	0.67403	0	0	0	0	0	0	0	0.65881	0.74279	0	0	0	0.66248	0	0	0	0	0	0	0	0	0	0	0	0	0	0	0	0	0	0	0	0	0	0	0	0	0.68176	0	0	0	0	0.77413	0.84402	0	0.68213	0	0	0.70368	0.8296	0.8549	0	0.71408	0.71363	0.78666	0.80703	0	0	0	0	0	0	0.74611	0.90476	0.82714	0.82568	0.67211	0	
0	0	0	0.66287	0	0	0	0.75716	0	0	0	0.73306	0	0.66371	0	0	0	0	0	0	0	0	0	0	0	0	0	0	0	0	0	0	0	0	0	0	0	0	0	0	0	0	0	0	0	0	0	0	0	0	0	0	0	0	0	0	0	0	0	0	0	0.69255	0	0	0	0	0	0	0	0	0	0	0	0	0	0	0	0	0	0	0	0	0	0	0	0	0	0	0	0	0.85631	0.76078	0.91575	0.81192	0	0	0	0	0.80114	0.71408	0	0.86068	0.83115	0.74835	0.65373	0	0	0	0	0	0	0.72026	0.79682	0.82446	0.67901	0	
0	0	0	0	0	0	0	0	0	0	0	0	0	0	0	0	0	0	0	0	0	0	0	0	0	0	0	0	0	0	0	0	0	0	0	0	0	0	0	0	0	0	0	0	0	0	0	0	0	0	0	0	0	0	0	0	0	0	0	0	0	0	0	0	0	0	0	0	0	0	0	0	0	0	0	0	0	0	0	0	0	0	0	0	0	0	0	0	0	0	0.7968	0.80699	0.80009	0.90999	0	0	0	0	0.74724	0.71363	0.86068	0	0.79594	0.82398	0.65354	0	0	0	0	0	0	0.68515	0.78513	0.7741	0.67356	0	
